 

CONCORDANTIA NUMERORUM.

457

 

 

 

 

Enoew, [one dipl| ERBEN, |Codexdipl| ERBEN, |Codexdipl| ERBEN, |Codex dipl.
Regestal| Bohemiae | Regestal| Bohemiae | Regestal| Bohemiae | Regestal| Bohemiae
300 328 249 365 290 403 —
301 329 247 366 287 404 324

250 367 291 405 325

*330 — *968 — 406 326

331 — 369 243 407 327

302 332 261 370 294 408 328

*308 333 260 an 292 329

304 334 258 203 330

305 l 259 372 296 409 331

306 335 262 297 332

307 336 | sp. 401 298 333

308 337 251 299 334

252 373 295 410 339

253 374 305 All 336

254 1V, 1168 306 337

255 1I, 9638 307 338

256 308 412. |sp.410

309 257 375 302 340

338 266 376 | sp. 402 341

339 267 377 | sp. 403 413 344

310 M, 2783 268 378 300 414 342

3n won | (nus 379 301 415 343

312 380 304 416 —

313 340 288 381 303 345

314 341 270 382 313 AT 346

315 *342 —- 383 — 418 349

316 *343 — 384 | sp. 404 419 347

317 344 269 385 309 420 348

Aer) 345 276 386 310 421 350

346 205 387 312 Tv imi 351

318 347 2n 388 an 422 —

348 278 389 | sp. 405 423 -—

349 272 390 335 424 | sp.4l1

350 274 391 315 5425 —

319 351 275 392 317 426 353

352 278 393 | sp. 406 421 354

353 277 394 | sp. 407 428 352

1V, 1167 354 279 395 314 429 355

355 — 396 318 430 356

356 289 319 431 357

357 285 397 320 432 358

230 358 280 320a 433 363

359 281 398 sp. 408 *434 —

321 360 263 sp. 409 *435 —

*322 —- 264 V, 3079 321 436 359

323 244 361 282 399 322 437 360

324 — 362 — 400 — 438 361

325 —- 363 283 401 323 439 362

326 248 364 284 402 — 364
327 246 286

 

 

 

 

 

 

 

 

 

