 

CONCORDANTIA NUMERORUM.

573

 

 

 

 

EmBEN, | Codexdipl.| EmBEN, |Codexdipi.| ERBEN, |Codexdipl| ERBEN, |Codex dipl.
Regesta |. | Boh, II. Regesta 1. Boh. II. | Regesta 1. | Boh. Il. Regesta I. | Boh. II
508 197 605 re 642 -—- 679 253
198 606 170 643 213 680 954
199 607 178 644 214 681 255
569 130 174 045 215 682 956
510 131 MS [npe 216 683 257
5n 132 608 176 646 21 684 258
572 134 iT 647 218 685 259
573 135 178 219 686 265
574 136 180 220 697 261
515 -— 609 181 221 I 962
137 182 648 222 688 260
576 188 610 sp. 37: 9223 689 263
139 en 185 224 690 264
140 612 183 649 225 266
14l 613 185 650 226 691 967
142 614 186 651 227 692 268
5T M9 615 187 652 230 63 269
578 143 616 244 | not. ad 052 299 | pe, 970
579 144 Du 335 53 — 604 20
580 145 618 18 233 | «695 -
146 189 |a dos 234 696 272
147 619 190 656 9228 697 273
148 620 sp. 375 657 236 698 274
581 19 121 v. tom. IV. 658 232 275
582 150 622 191 659 238 669 276
583 151 192 660 239 | IV,n.2050 2T]
584 152 623 193 661 231 700 278
585 153 624 194 662 241 701 27:
586 169 625 199 663 237 280
587 154 626 196 664 985 | m.n.14 281
588 155 198 665 346 702 282
589 156 627 195 666 240 283
590 187 628 19; |I P 28 377 703 984
591 15t 629 200 66: 249 704 985
592 159 630 201 |t P. Sem 243 705 286
593 sp. 378 631 202 608 250 706 289
594 161 632 903 669 245 707 288
595 160 633 204 670 246 708 281
596 162 634 208 | *67 — 290
597 - *635 — *672 — 709 291
58 163 636 205 | *e73 —- 292
599 164 637 206 674 9241 293
165 638 207 675 248 710 308
600 166 387 9249 7 294
601 — 639 209 676 250 n2 295
602 167 640 210 251 713 296
603 168 21 677 252 T4 297
604 m 641 212 678 - "5 298

 

 

 

 

 

 

 

 

