 

CONCORDANTIA NUMERORUM.

 

CONCORDANTIA NUMERORUM

HUIUS TOMI ET ANTONII BOCZEK CODICIS DIPL. MORAVIAE TOMI II.

Asteriscus Boczekil numero appositus fa 1s a ab Ipso saeculo superiore confecta significat.

 

 

 

 

 

 

 

 

 

| Boczek |Codex dipi| BoczEk |Codexdipt| Boczex |Codexdipl| Boczek |Codex dipl.
1L. n". Im Boh. II. n". Boh. I1. I Boh. II
^ — 44 82 87 156 130 227
2 21 45 86 88 157 131 228
*3 — 46 83 89 158 132 233
4 22 47 87 90 159 133 232
5 16 48 sp. 364 91 160 134 236
6 29 49 sp. 363 92 161 135 231
7 24 50 — 93 sp. 353 136 935
8 sp. 353 51 sp. 366 94 162 137 346
9 - 52 96 96 163 138 234
10 sp. 356 53 98 96 168 139 238
n sp. 356 [^ 101 97 170 140 239
HI sp. 358 b 194 98 il 14 249
13 sp. 354 56 106 99 i72 142 —
14 35 5T 28 100 188 143 245
15 36 58 386 101 sp. 374 144 60
16 37 *59 —- 102 183 145 246
ird 385 *60 did 103 190 *146 —
18 48 61 109 104 196 *147 —
19 39 62 110 105 197 | *148 —
20 4l 63 sp. 368 106 109 149 249
21 43 *64 — 107 196 150 250
92 45 *05 — | *108 - 151 258
23 44 66 118 109 205 152 254
24 46 67 sp. 376 10 206 153 265
25 359 68 sp. 351 n 207 164 256
26 49 69 sp. 352 112 204 | 155 259
27 53 70 195 | 13 203 | 156 250
*28 — 7" 127 14 209 l 157 261
29 7e 130 15 210 168 264
30 vot DH 78 134 n6 218 159 207
31 59 74 15i n7 213 160 208
32 el 16 136 118 214 161 279
33 62 76 138 1e 215 102 269
31 69 Ti 179 120 217 163 27
35 sp. 360 78 143 121 221 104 279
36 74 79 145 122 220 165 273
37 76 80 150 123 219 *166 —-
38 72 81 149 124 9292 167 286
39 76 82 180 | *125 —- 168 258
40 70 83 152 126 924 169 287
4 78 84 153 127 223 170 289
42 T 85 164 128 295 Nr 286
43 80 86 155 199 226 i2 294
D ]

 

 

